# DATA N=300e6 0.0 2 
# TAG = 300
# YAXIS Normal -2 3 0.5 1 decimal 1 Mz(u.a) 
# XAXIS Logarithmic 0.0005 100 10 9 power 0 \xt\4(s) 
# TITLE "" 0.0005 -0.05 
0.05 -0.8531 1
0.06797 -0.8125 1
0.09239 -0.7688 1
0.12559 -0.7117 1
0.17073 -0.6386 1
0.23208 -0.5461 1
0.31548 -0.4314 1
0.42885 -0.2938 1
0.58296 -0.1352 1
0.79245 0.04058 1
1.077 0.2253 1
1.464 0.4097 1
1.991 0.5856 1
2.706 0.7465 1
3.678 0.8869 1
5 1 1

# DATA N=83.36e6 1 2 
# TAG = 83.36
# YAXIS Normal -2 3 0.5 1 decimal 1 Mz(u.a) 
# XAXIS Logarithmic 0.0005 100 10 9 power 0 \xt\4(s) 
# TITLE "" 0.0005 -0.5 
0.005 -0.9482 1
0.01 -0.9352 1
0.09239 -0.7189 1
0.12559 -0.6443 1
0.17073 -0.5512 1
0.23208 -0.4396 1
0.31548 -0.3106 1
0.42885 -0.1667 1
0.58296 -0.01244 1
0.79245 0.1452 1
1.077 0.3025 1
1.464 0.4561 1
1.991 0.6037 1
2.706 0.7393 1
3.678 0.8524 1
10 1 1

# DATA N=52.25e6 2 2 
# TAG = 52.25
# YAXIS Normal -2 3 0.5 1 decimal 1 Mz(u.a) 
# XAXIS Logarithmic 0.0005 100 10 9 power 0 \xt\4(s) 
# TITLE "" 0.0005 -0.5 
0.005 -0.8358 1
0.01 -0.8675 1
0.09239 -0.6512 1
0.12559 -0.581 1
0.17073 -0.4895 1
0.23208 -0.3919 1
0.31548 -0.277 1
0.42885 -0.154 1
0.58296 -0.02131 1
0.79245 0.1097 1
1.077 0.2391 1
1.464 0.3729 1
1.991 0.5103 1
2.706 0.6478 1
3.678 0.7753 1
10 1 1

# DATA N = 15.999e6 3 2 
# TAG = 15.9991
# YAXIS Normal -2 3 0.5 1 decimal 1 Mz(u.a) 
# XAXIS Logarithmic 0.0005 100 10 9 power 0 \xt\4(s) 
# TITLE "" 0.0005 -0.5 
0.0028 0.0535388 1
0.004379 0.0567564 1
0.006847 0.0565613 1
0.010708 0.0690537 1
0.016744 0.0751983 1
0.026185 0.0937911 1
0.040948 0.115148 1
0.064033 0.152662 1
0.100135 0.205068 1
0.156589 0.291204 1
0.244873 0.339422 1
0.382929 0.423907 1
0.598821 0.519276 1
0.93643 0.592269 1
1.46438 0.699172 1
2.28998 0.799024 1
3.58105 0.900865 1
5.6 0.961182 1

# DATA N = 15.999e6 4 2 
# TAG = 15.999
# YAXIS Normal -2 3 0.5 1 decimal 1 Mz(u.a) 
# XAXIS Logarithmic 0.0005 100 10 9 power 0 \xt\4(s) 
# TITLE "" 0.0005 -0.5 
0.0028 0.0559364 1
0.004379 0.0552579 1
0.006847 0.0630269 1
0.010708 0.0583832 1
0.016744 0.0676184 1
0.026185 0.0960519 1
0.040948 0.124538 1
0.064033 0.156299 1
0.100135 0.213231 1
0.156589 0.282267 1
0.244873 0.34215 1
0.382929 0.429519 1
0.598821 0.4982 1
0.93643 0.592218 1
1.46438 0.698617 1
2.28998 0.807866 1
3.58105 0.904416 1
5.6 0.966005 1

# DATA N = 14.001e6 5 2 
# TAG = 14.001
# YAXIS Normal -2 3 0.5 1 decimal 1 Mz(u.a) 
# XAXIS Logarithmic 0.0005 100 10 9 power 0 \xt\4(s) 
# TITLE "" 0.0005 -0.5 
0.0028 0.0582574 1
0.004379 0.0429822 1
0.006847 0.0504207 1
0.010708 0.0636433 1
0.016744 0.0686075 1
0.026185 0.0908022 1
0.040948 0.117127 1
0.064033 0.145652 1
0.100135 0.186017 1
0.156589 0.255934 1
0.244873 0.313658 1
0.382929 0.379523 1
0.598821 0.456083 1
0.93643 0.528453 1
1.46438 0.590226 1
2.28998 0.687181 1
3.58105 0.767968 1
5.6 0.823269 1

# DATA N = 12.001e6 6 6 
# TAG = 12.001
# YAXIS Normal -2 3 0.5 1 decimal 1 Mz(u.a) 
# XAXIS Logarithmic 0.0005 100 10 9 power 0 \xt\4(s) 
# TITLE "" 0.0005 -0.5 
0.0028 0.051766 1
0.004379 0.0491781 1
0.006847 0.0584585 1
0.010708 0.0664548 1
0.016744 0.0698023 1
0.026185 0.0761634 1
0.040948 0.100381 1
0.064033 0.130033 1
0.100135 0.182097 1
0.156589 0.234233 1
0.244873 0.273487 1
0.382929 0.329191 1
0.598821 0.390435 1
0.93643 0.437237 1
1.46438 0.51043 1
2.28998 0.582089 1
3.58105 0.661661 1
5.6 0.718677 1

# DATA N = 11.36e6 7 6 
# TAG = 11.36
# YAXIS Normal -2 3 0.5 1 decimal 1 Mz(u.a) 
# XAXIS Logarithmic 0.0005 100 10 9 power 0 \xt\4(s) 
# TITLE "" 0.0005 -0.5 
0.005 -0.9526 1
0.01 -0.9147 1
0.09239 -0.5635 1
0.12559 -0.4584 1
0.17073 -0.3496 1
0.23208 -0.2261 1
0.31548 -0.106 1
0.42885 0.01232 1
0.58296 0.1399 1
0.79245 0.2583 1
1.077 0.3852 1
1.464 0.5194 1
1.991 0.6411 1
2.706 0.7786 1
3.678 0.8954 1
10 1 1

# DATA N = 9.998e6 8 6 
# TAG = 9.998
# YAXIS Normal -2 3 0.5 1 decimal 1 Mz(u.a) 
# XAXIS Logarithmic 0.0005 100 10 9 power 0 \xt\4(s) 
# TITLE "" 0.0005 -0.5 
0.0028 0.0412719 1
0.004379 0.0377591 1
0.006847 0.0497258 1
0.010708 0.0548036 1
0.016744 0.0613931 1
0.026185 0.0706547 1
0.040948 0.0886394 1
0.064033 0.124997 1
0.100135 0.157545 1
0.156589 0.179427 1
0.244873 0.239548 1
0.382929 0.282101 1
0.598821 0.325494 1
0.93643 0.376222 1
1.46438 0.422916 1
2.28998 0.481529 1
3.58105 0.544773 1
5.6 0.587454 1

# DATA N = 8.000e6 9 6 
# TAG = 8.000
# YAXIS Normal -2 3 0.5 1 decimal 1 Mz(u.a) 
# XAXIS Logarithmic 0.0005 100 10 9 power 0 \xt\4(s) 
# TITLE "" 0.0005 -0.5 
0.0028 0.0436401 1
0.004379 0.0388924 1
0.006847 0.0433668 1
0.010708 0.0533809 1
0.016744 0.0557185 1
0.026185 0.0665266 1
0.040948 0.0669702 1
0.064033 0.0958525 1
0.100135 0.122353 1
0.156589 0.159615 1
0.244873 0.177412 1
0.382929 0.226887 1
0.598821 0.269391 1
0.93643 0.29511 1
1.46438 0.353238 1
2.28998 0.399537 1
3.58105 0.428512 1
5.6 0.475581 1

