# DATA flag=4 
# TAG = Phase_difference
# YAXIS Normal 0 210 50 1 decimal 0 \xa\4(degree) 
# XAXIS Normal 0.75 2.25 0.5 1 decimal 1 f(Hz) 
# TITLE " \4(d) m=0.102 kg" 0.9 175 
1.1 18.4049 5.00418
1.15 18.4049 5.00067
1.2 19.6319 5.0094
1.25 20.8589 5.001
1.3 19.6319 5.01547
1.39545 25.7669 5.00732
1.41818 23.3129 5.04334
1.50455 31.9018 5
1.43636 23.3129 5.20088
1.45455 25.7669 5.0211
1.51818 29.4479 5.00036
1.55 39.2638 12.4811
1.59545 110.429 16.6432
1.63182 160.736 15.1245
1.64545 179.141 7.56237
1.66818 182.822 5.0997
1.7 186.503 5.04147
1.75 188.957 5.08942
1.79545 195.092 5.05333
1.83182 195.092 5.04795
1.86818 200 5.03053
1.90909 198.773 5.4327
1.94545 198.773 5.06357
