# DATA flag=3 
# TAG = Resonance
# YAXIS Normal 0 0.12 0.02 1 decimal 2 A(m) 
# XAXIS Normal 0.75 2.25 0.5 1 decimal 1 f(Hz) 
# TITLE " \4(c) m=0.102 kg " 0.9 0.1 
1.09572 0.0063083 0.00102099
1.15054 0.0055718 0.00114263
1.20074 0.00639013 0.00112355
1.24632 0.0095425 0.0010256
1.30113 0.008806 0.00100268
1.3513 0.0111827 0.00120651
1.39688 0.0143351 0.00110169
1.41514 0.0143493 0.00116692
1.43334 0.0167012 0.00159488
1.46066 0.0198393 0.00156626
1.49704 0.0253221 0.00233283
1.51966 0.0331319 0.00423417
1.54668 0.0471788 0.00886871
1.57322 0.0791473 0.013956
1.59541 0.10332 0.00100271
1.628 0.0799692 0.0109892
1.6516 0.0511566 0.00817386
1.69795 0.0254787 0.00461324
1.71634 0.0208177 0.00165845
1.7484 0.0169467 0.00139238
1.78502 0.0138583 0.00128219
1.8262 0.0107736 0.00113583
1.86733 0.00924719 0.00110986
1.90849 0.00694162 0.00103261
1.94959 0.00697364 0.00113843
1.98616 0.00544371 0.00138815


